-0.880423 0.730037 0
-0.851473 -3.470295 1
-1.670911 2.185503 0
-1.659989 -4.621398 1
-1.613943 0.170019 0
0.449017 -3.002272 1
2.745103 5.692543 0
-1.969166 -3.541360 1
1.705793 3.876880 0
1.536992 -0.672350 1
-1.180268 1.667515 0
2.152266 -2.750603 1
-3.162380 -1.307673 0
1.873933 -1.032985 1
-0.836391 1.605194 0
4.165681 2.551462 1
-3.094662 0.891575 0
-0.192705 -2.568541 1
-0.027950 2.547713 0
0.412400 -3.430070 1
0.557810 2.283055 0
0.271240 -2.502070 1
-0.041355 2.210426 0
1.858274 0.054822 1
-1.012092 3.600280 0
-0.531394 -2.831302 1
0.681353 2.229005 0
1.315516 -1.207615 1
-2.917159 -0.627280 0
1.979264 -0.427530 1
-2.197256 0.367561 0
0.617718 -2.219959 1
-0.650576 2.806113 0
1.101880 -1.916208 1
-0.559610 1.683228 0
2.769442 0.787350 1
-1.254756 0.415249 0
1.015406 -0.568247 1
-0.875005 2.296943 0
-0.868576 -3.443012 1
-1.861030 0.111182 0
-0.252562 -3.813987 1
-1.260515 0.906764 0
1.040168 -1.031306 1
-0.555115 2.144471 0
-0.814360 -2.230687 1
0.792429 3.653360 0
0.886611 -1.713883 1
-1.479058 1.222098 0
0.740719 -2.763820 1
-4.311894 -0.899968 0
0.563669 -1.567993 1
0.467085 3.421191 0
2.902313 -0.529810 1
0.234434 2.121278 0
-0.200505 -2.682534 1
0.068530 3.949950 0
0.917405 -0.998606 1
-0.349854 2.665324 0
0.307613 -1.962360 1
-0.572103 1.226661 0
0.810838 -0.593537 1
-3.735178 -1.800259 0
2.989232 -1.496083 1
-0.854573 0.557385 0
2.134649 -0.120625 1
-1.395563 0.620722 0
0.914641 -2.150323 1
1.007531 3.003585 0
1.726915 -0.420059 1
0.874902 5.019070 0
-0.035412 -6.002655 1
-0.106407 2.515995 0
2.366399 0.571607 1
-1.560006 0.219837 0
1.498344 -0.072186 1
-3.894158 -1.055595 0
0.137256 -2.692070 1
-1.049056 0.375567 0
0.148440 -3.638395 1
